easy:
  vertical: 0.46080000519752506
  horizontal: 0.8997621613275862
normal:
  vertical: 0.46080000519752506
  horizontal: 1.3996313092646298
hard:
  vertical: 0.46080000519752506
  horizontal: 1.8999741864424369

rotation: 0
